2.64985e-07 3.56619e-07 -4.85813e-05
1.97022e-06 2.91392e-06 -0.000527031
6.06044e-06 9.87177e-06 -0.00267855
9.92751e-06 1.71213e-05 -0.00853706
9.79241e-06 1.3625e-05 -0.0193483
8.41482e-06 -2.62916e-06 -0.03372
1.21638e-05 -1.88896e-05 -0.0480599
2.13301e-05 -2.91851e-05 -0.0591356
3.14093e-05 -3.95493e-05 -0.0657869
3.80327e-05 -4.54358e-05 -0.0686209
3.81295e-05 -3.52436e-05 -0.0692797
3.12295e-05 -1.22187e-05 -0.0700266
1.67343e-05 1.49252e-05 -0.072937
-6.16485e-06 4.53383e-05 -0.078985
-3.21684e-05 7.45574e-05 -0.0879396
-5.19164e-05 9.36903e-05 -0.0986722
-6.05393e-05 0.000102931 -0.109227
-5.97217e-05 0.000108776 -0.117333
-5.42715e-05 0.000114324 -0.121804
-4.93134e-05 0.000121477 -0.123554
-4.9987e-05 0.000134914 -0.124952
-6.035e-05 0.000157776 -0.128075
-8.0132e-05 0.000186982 -0.133509
-0.00010421 0.000216158 -0.140558
-0.000125758 0.000240108 -0.148229
-0.000138999 0.000255408 -0.155786
-0.000140969 0.000261273 -0.162645
-0.00013272 0.000260658 -0.168247
-0.000118762 0.000258479 -0.172356
-0.000105225 0.000259648 -0.175435
-9.74792e-05 0.000268084 -0.178528
-9.79985e-05 0.000285042 -0.182641
-0.000105916 0.000308342 -0.188131
-0.000118032 0.000333741 -0.194575
-0.000129853 0.000356437 -0.201169
-0.000136613 0.000371866 -0.207249
-0.000135069 0.000377198 -0.212535
-0.000125434 0.0003734 -0.217075
-0.000111431 0.000365182 -0.221099
-9.81942e-05 0.000358298 -0.224949
-8.99324e-05 0.000356934 -0.229026
-8.86805e-05 0.000362717 -0.233658
-9.38966e-05 0.000374476 -0.238929
-0.000102788 0.000388527 -0.244605
-0.000111508 0.000400059 -0.250253
-0.000116696 0.000405026 -0.255492
-0.00011656 0.000401366 -0.260181
-0.000111229 0.000389267 -0.264449
-0.000102574 0.00037092 -0.26856
-9.35939e-05 0.000349888 -0.272773
-8.73917e-05 0.000329979 -0.277247
-8.60203e-05 0.000313916 -0.282024
-8.97424e-05 0.000302416 -0.287044
-9.706e-05 0.000294147 -0.292157
-0.000105448 0.000286529 -0.297171
-0.000112398 0.000276956 -0.301932
-0.00011633 0.000263903 -0.306398
-0.000117064 0.000247507 -0.310665
-0.00011576 0.00022948 -0.314903
-0.000114375 0.000212442 -0.319267
-0.000114891 0.000198974 -0.323823
-0.000118613 0.000190764 -0.32854
-0.000125774 0.000188146 -0.333331
-0.000135532 0.000190123 -0.338093
-0.000146299 0.000194794 -0.342746
-0.00015628 0.000200049 -0.347253
-0.000164036 0.000204314 -0.351628
-0.000168894 0.000207075 -0.355934
-0.000171065 0.000208991 -0.360259
-0.000171458 0.000211568 -0.36467
-0.000171273 0.000216533 -0.369189
-0.000171522 0.000225132 -0.373782
-0.000172651 0.000237623 -0.378384
-0.000174406 0.000253137 -0.382935
-0.000175976 0.000269951 -0.387403
-0.000176331 0.000286048 -0.391788
-0.000174605 0.00029973 -0.396122
-0.000170398 0.000310096 -0.400446
-0.000163898 0.000317238 -0.404801
-0.000155823 0.000322115 -0.409207
-0.000147198 0.000326175 -0.413663
-0.00013906 0.000330851 -0.418142
-0.000132186 0.000337102 -0.42261
-0.00012692 0.000345148 -0.427036
-0.000123154 0.000354463 -0.431411
-0.000120466 0.000364018 -0.435745
-0.000118342 0.000372672 -0.440061
-0.000116411 0.000379569 -0.444386
-0.000114603 0.000384396 -0.448736
-0.000113182 0.000387433 -0.453114
-0.000112644 0.000389392 -0.457511
-0.000113544 0.000391118 -0.46191
-0.000116286 0.000393271 -0.466292
-0.000120976 0.00039609 -0.470647
-0.000127368 0.000399326 -0.474974
-0.000134915 0.000402338 -0.479284
-0.00014292 0.000404326 -0.48359
-0.000150713 0.000404597 -0.487907
-0.000157812 0.000402781 -0.492239
-0.000163998 0.000398916 -0.496584
-0.000169312 0.000393387 -0.500933
-0.000173953 0.000386755 -0.505277
-0.00017815 0.000379534 -0.509606
-0.000182024 0.000372009 -0.513919
-0.000185517 0.000364153 -0.518218
-0.000188392 0.000355671 -0.522511
-0.000190304 0.000346152 -0.526805
-0.000190918 0.00033527 -0.531107
-0.000190035 0.000322964 -0.535416
-0.000187666 0.000309533 -0.53973
-0.000184051 0.000295614 -0.544042
-0.000179596 0.000282043 -0.548347
-0.000174774 0.000269657 -0.552642
-0.000169999 0.000259098 -0.556929
-0.000165547 0.000250686 -0.561209
-0.000161518 0.000244387 -0.565487
-0.000157862 0.0002399 -0.569768
-0.000154459 0.000236806 -0.574052
-0.000151203 0.000234739 -0.578339
-0.000148078 0.000233512 -0.582627
-0.000145188 0.000233175 -0.586912
-0.00014274 0.000233968 -0.591192
-0.000140976 0.000236215 -0.595465
-0.000140098 0.000240182 -0.599735
-0.000140195 0.000245955 -0.604001
-0.00014121 0.000253384 -0.608268
-0.000142954 0.000262093 -0.612536
-0.000145157 0.000271571 -0.616806
-0.000147546 0.00028129 -0.621077
-0.000149912 0.000290823 -0.625346
-0.000152153 0.000299912 -0.629613
-0.00015428 0.000308482 -0.633877
-0.000156376 0.000316592 -0.638137
-0.000158545 0.000324356 -0.642395
-0.000160851 0.000331851 -0.646652
-0.000163283 0.000339069 -0.65091
-0.000165748 0.000345904 -0.655168
-0.0001681 0.000352188 -0.659427
-0.000170184 0.000357755 -0.663685
-0.000171888 0.000362512 -0.667943
-0.000173178 0.000366478 -0.672198
-0.000174108 0.000369786 -0.676451
-0.000174791 0.000372645 -0.680702
-0.000175365 0.000375269 -0.684952
-0.000175943 0.000377805 -0.689202
-0.000176572 0.000380284 -0.693452
-0.000177226 0.000382606 -0.697702
-0.000177815 0.00038457 -0.701953
-0.00017822 0.00038594 -0.706202
-0.000178336 0.000386509 -0.710449
-0.00017811 0.000386166 -0.714695
-0.000177542 0.000384909 -0.71894
-0.000176659 0.000382819 -0.723185
-0.000175472 0.000380007 -0.727432
-0.000173988 0.00037655 -0.73168
-0.000172238 0.000372467 -0.735928
-0.000170317 0.000367749 -0.740174
-0.000168347 0.000362393 -0.744417
-0.000166438 0.000356411 -0.748656
-0.000164655 0.000349817 -0.752893
-0.000162987 0.000342651 -0.75713
-0.00016131 0.00033499 -0.76137
-0.000159382 0.000326881 -0.765615
-0.000156973 0.000318302 -0.769861
-0.000154079 0.000309226 -0.774108
-0.000151003 0.000299787 -0.778352
-0.000148208 0.00029033 -0.782591
-0.000146086 0.000281264 -0.786822
-0.000144764 0.000272842 -0.791056
-0.000143899 0.000265115 -0.795304
-0.000142583 0.000257916 -0.799572
-0.000139639 0.000250671 -0.803858
-0.000134295 0.00024242 -0.808153
-0.000126837 0.000232416 -0.812444
-0.000118719 0.000220677 -0.816726
-0.000111893 0.000207779 -0.821018
-0.000107681 0.000194239 -0.825353
-0.000105981 0.000180032 -0.829751
-0.000105616 0.000164218 -0.834201
-0.000105839 0.000145155 -0.83868
-0.000107917 0.000121763 -0.843167
-0.000115563 9.47794e-05 -0.84765
-0.000134094 6.66646e-05 -0.85215
-0.00016889 4.0528e-05 -0.856731
-0.000223374 1.89423e-05 -0.861488
-0.000297181 2.32559e-06 -0.866473
-0.000386686 -1.27578e-05 -0.871655
-0.000489444 -3.28197e-05 -0.876934
-0.000610291 -6.27408e-05 -0.882208
-0.000763806 -0.000100358 -0.887421
-0.000970338 -0.000135505 -0.892573
-0.00124864 -0.000154479 -0.897698
-0.00161033 -0.000145558 -0.902842
-0.00205788 -0.000101276 -0.908032
-0.00258494 -1.83404e-05 -0.913269
-0.00317868 0.00010162 -0.918552
-0.00382538 0.000251656 -0.923904
-0.0045178 0.000423363 -0.92937
-0.00525882 0.000613184 -0.934968
-0.00605823 0.000823951 -0.940654
-0.00692572 0.00105963 -0.94638
-0.00786506 0.00131992 -0.952176
-0.0088701 0.00160045 -0.958157
-0.00992124 0.00189529 -0.964407
-0.0109868 0.00219605 -0.970868
-0.0120353 0.00249007 -0.97738
-0.013053 0.00276656 -0.983805
-0.0140506 0.00302869 -0.990051
-0.0150516 0.00329546 -0.996036
-0.0160738 0.00358722 -1.00173
-0.0171179 0.00391192 -1.00717
-0.018163 0.00426624 -1.01233
-0.0191647 0.00464045 -1.01689
-0.0200653 0.00501669 -1.02027
-0.0208168 0.00537383 -1.02199
-0.0213941 0.00570516 -1.02195
-0.0217713 0.00602507 -1.02037
-0.0218773 0.00634491 -1.0176
-0.0215664 0.00663637 -1.01434
-0.0206017 0.0068091 -1.01192
-0.0186239 0.00669734 -1.01144
-0.0151518 0.00603406 -1.01268
-0.00970028 0.00443615 -1.01494
-0.00196461 0.00147342 -1.01864
0.00810246 -0.00319014 -1.02438
0.0203378 -0.009737 -1.03009
0.0343332 -0.0182454 -1.03093
0.0492721 -0.0285921 -1.02244
0.0639693 -0.0401555 -1.00359
0.077394 -0.0518057 -0.978338
0.0893996 -0.0625141 -0.955156
0.101054 -0.0720938 -0.942975
0.114278 -0.0814116 -0.945125
0.130982 -0.0920617 -0.957122
0.152059 -0.105808 -0.970607
0.176741 -0.123902 -0.979035
0.202745 -0.146502 -0.980466
0.22707 -0.17258 -0.976828
0.246745 -0.200293 -0.971402
0.259272 -0.227259 -0.966733
0.263289 -0.250765 -0.964233
0.259636 -0.268549 -0.964405
0.251751 -0.280139 -0.966378
0.24431 -0.287387 -0.967864
0.240779 -0.293271 -0.966658
0.241728 -0.299935 -0.962233
0.244965 -0.307735 -0.956188
0.246892 -0.315571 -0.952068
0.243981 -0.321407 -0.95419
0.23381 -0.322474 -0.964717
0.215641 -0.315744 -0.980911
0.190627 -0.29899 -0.995889
0.161678 -0.271702 -1.00338
0.132925 -0.235212 -1.00269
0.108623 -0.192146 -0.998688
0.0916153 -0.145602 -0.996243
0.0821427 -0.0982659 -0.99571
0.0779256 -0.0518141 -0.994792
0.0755282 -0.00706747 -0.993644
0.0719792 0.0353297 -0.995877
0.065612 0.0747125 -1.00447
0.0560664 0.111124 -1.01825
0.0441299 0.145891 -1.0326
0.031801 0.180886 -1.04279
0.0221674 0.21719 -1.0468
0.0185986 0.254737 -1.04548
0.0234692 0.292956 -1.04035
0.0372016 0.330992 -1.03189
0.0582068 0.367176 -1.0206
0.0836896 0.398972 -1.00844
0.110828 0.423903 -0.997823
0.137673 0.440356 -0.989968
0.163315 0.447491 -0.984692
0.187483 0.444953 -0.980894
0.210251 0.433195 -0.976804
0.232143 0.414031 -0.97074
0.254179 0.39049 -0.962662
0.27744 0.365915 -0.954823
0.302358 0.343061 -0.94983
0.328241 0.323846 -0.947378
0.353267 0.309356 -0.944024
0.375056 0.299329 -0.937703
0.391621 0.291384 -0.931089
0.402005 0.281388 -0.928281
0.406018 0.265434 -0.92974
0.403703 0.24177 -0.932801
0.395494 0.210858 -0.935535
0.382827 0.173994 -0.938131
0.367976 0.132527 -0.941896
0.352913 0.0883269 -0.94791
0.338265 0.0441829 -0.955322
0.323257 0.00306192 -0.96093
0.306313 -0.0328376 -0.962032
0.28578 -0.0620666 -0.959836
0.260654 -0.0835464 -0.958893
0.231121 -0.0969425 -0.962766
0.19849 -0.10326 -0.970665
0.164578 -0.104479 -0.979109
0.131208 -0.102509 -0.986755
0.100035 -0.0985768 -0.995719
0.0722319 -0.0931314 -1.00722
0.0479755 -0.0857946 -1.01831
0.0264014 -0.0755998 -1.02498
0.0063379 -0.0617403 -1.02675
-0.01276 -0.0440886 -1.02631
-0.0303653 -0.0228814 -1.02694
-0.0449284 0.00171936 -1.03237
-0.0541436 0.0293132 -1.04589
-0.0554918 0.0586442 -1.0667
-0.0471828 0.0877337 -1.08791
-0.0290594 0.114777 -1.10028
-0.00272928 0.138744 -1.09892
0.0291707 0.15908 -1.08758
0.0638301 0.175287 -1.0758
0.0986543 0.187313 -1.07068
0.131538 0.196185 -1.07225
0.161542 0.203627 -1.07715
0.189533 0.21078 -1.08373
0.217823 0.217406 -1.09191
0.248691 0.222288 -1.10089
0.282772 0.224231 -1.10852
0.318416 0.222757 -1.11156
0.35233 0.218056 -1.10741
0.380906 0.210487 -1.09826
0.401359 0.200215 -1.09236
0.412293 0.187216 -1.09799
0.413891 0.17129 -1.11603
0.407902 0.151915 -1.13977
0.397115 0.128351 -1.16103
0.384309 0.100277 -1.17549
0.371287 0.0684057 -1.18346
0.358655 0.0342878 -1.18741
0.346158 -0.000622931 -1.18927
0.33298 -0.0356792 -1.18999
0.317915 -0.0708235 -1.19108
0.29977 -0.105864 -1.19474
0.277994 -0.140164 -1.20241
0.253057 -0.172964 -1.21444
0.226349 -0.203758 -1.23087
0.199962 -0.232383 -1.2503
0.176418 -0.259083 -1.26842
0.157863 -0.284483 -1.2804
0.144895 -0.308994 -1.28532
0.136367 -0.331998 -1.28669
0.13073 -0.352086 -1.28885
0.127345 -0.368338 -1.29362
0.1262 -0.380846 -1.30006
0.127044 -0.389715 -1.30574
0.129698 -0.394299 -1.30873
0.13488 -0.394018 -1.30997
0.143808 -0.389447 -1.31377
0.156923 -0.381891 -1.32443
0.173531 -0.372126 -1.34058
0.192401 -0.360031 -1.35379
0.212064 -0.345199 -1.3558
0.230839 -0.327434 -1.34771
0.247405 -0.306755 -1.33888
0.261423 -0.283306 -1.33636
0.273154 -0.257291 -1.33883
0.282639 -0.228857 -1.3416
0.289734 -0.198169 -1.34334
0.294829 -0.1658 -1.34597
0.298999 -0.132979 -1.3509
0.303331 -0.101316 -1.3574
0.308196 -0.072355 -1.36346
0.312991 -0.0473356 -1.36717
0.31621 -0.0269245 -1.36771
0.315836 -0.010817 -1.36631
0.310102 0.0022717 -1.36626
0.298382 0.013901 -1.37081
0.281759 0.0249633 -1.37985
0.262937 0.0351798 -1.3892
0.245386 0.0433247 -1.39431
0.231934 0.0480342 -1.39439
0.223627 0.0485602 -1.39257
0.219596 0.0447631 -1.39269
0.217821 0.0365337 -1.39624
0.216006 0.0235639 -1.40156
0.212159 0.00572294 -1.40628
0.205108 -0.0166567 -1.41057
0.194982 -0.0429612 -1.41709
0.183272 -0.0724925 -1.42778
0.172224 -0.104351 -1.44158
0.163955 -0.137352 -1.45517
0.15975 -0.170319 -1.46464
0.159744 -0.202501 -1.46735
0.163049 -0.233689 -1.46348
0.168252 -0.264051 -1.45588
0.173848 -0.293903 -1.44841
0.17834 -0.323317 -1.44469
0.180484 -0.351716 -1.4472
0.180132 -0.378074 -1.45602
0.178912 -0.401795 -1.46878
0.179506 -0.423158 -1.48214
0.183905 -0.442697 -1.49298
0.192349 -0.460465 -1.49856
0.203609 -0.476086 -1.49752
0.215615 -0.488998 -1.49191
0.225856 -0.498301 -1.48713
0.232146 -0.502805 -1.48711
0.233649 -0.501702 -1.48963
0.231035 -0.495019 -1.4889
0.225485 -0.48317 -1.48307
0.217829 -0.466326 -1.47728
0.208684 -0.444605 -1.47799
0.19877 -0.418792 -1.48595
0.188496 -0.390495 -1.49651
0.177432 -0.361502 -1.50536
0.164696 -0.333114 -1.51101
0.149878 -0.306015 -1.51301
0.133323 -0.28042 -1.5128
0.115656 -0.255988 -1.51553
0.097428 -0.23157 -1.52519
0.0792689 -0.205493 -1.53831
0.062066 -0.176539 -1.54702
0.0468505 -0.14469 -1.54776
0.0346618 -0.110936 -1.54336
0.0265144 -0.0767473 -1.53851
0.0230812 -0.0438991 -1.5365
0.0240681 -0.0143141 -1.53884
0.0280747 0.0104814 -1.54516
0.0334126 0.0297332 -1.55341
0.0390863 0.0432314 -1.56162
0.0449291 0.0510515 -1.56931
0.0510961 0.0537863 -1.57702
0.0577617 0.0527519 -1.58461
0.0651306 0.0495561 -1.59048
0.0733793 0.0454276 -1.59343
0.0826996 0.0409807 -1.59498
0.0937152 0.0362336 -1.59852
0.107595 0.0304357 -1.60608
0.125077 0.0221004 -1.61704
0.145169 0.00979466 -1.62929
0.165161 -0.00696242 -1.64067
0.182114 -0.0277479 -1.64987
0.194208 -0.0518952 -1.65761
0.201001 -0.0786704 -1.66639
0.203268 -0.107093 -1.67803
0.203016 -0.136264 -1.69119
0.203026 -0.165856 -1.70199
0.20556 -0.195826 -1.70735
0.211276 -0.225776 -1.70787
0.219272 -0.255073 -1.70749
0.227639 -0.2833 -1.71
0.233759 -0.309899 -1.71644
0.234834 -0.333536 -1.72621
0.229171 -0.352619 -1.73947
0.217289 -0.366561 -1.75629
0.201589 -0.375996 -1.77453
0.185007 -0.381801 -1.79062
0.170033 -0.384668 -1.80218
0.158404 -0.385728 -1.80859
0.15076 -0.386665 -1.81056
0.146305 -0.388583 -1.81032
0.143188 -0.391052 -1.81148
0.139595 -0.392573 -1.81705
0.134584 -0.391629 -1.82753
0.128181 -0.387029 -1.84032
0.12116 -0.377771 -1.85097
0.114877 -0.363251 -1.85519
0.110983 -0.343645 -1.85136
0.1109 -0.319845 -1.84216
0.115424 -0.293108 -1.83357
0.124636 -0.264945 -1.8308
0.137905 -0.237173 -1.83416
0.153877 -0.211652 -1.83887
0.17072 -0.189704 -1.83943
0.186697 -0.171764 -1.83474
0.200711 -0.157449 -1.82875
0.212447 -0.145746 -1.82614
0.222204 -0.135186 -1.82816
0.230709 -0.124225 -1.83258
0.23894 -0.111834 -1.83649
0.247795 -0.0978963 -1.83826
0.2577 -0.083091 -1.83741
0.268382 -0.0684208 -1.8339
0.278932 -0.0548362 -1.8282
0.287995 -0.0432384 -1.82202
0.294019 -0.0346701 -1.81842
0.295697 -0.0302507 -1.82063
0.292543 -0.0308288 -1.83011
0.285105 -0.0367392 -1.84499
0.274513 -0.0477709 -1.86014
0.261821 -0.0631092 -1.86981
0.24785 -0.081327 -1.87177
0.233357 -0.100777 -1.869
0.218872 -0.120208 -1.86731
0.204295 -0.138975 -1.87108
0.18899 -0.15676 -1.88106
0.17248 -0.173433 -1.89489
0.155012 -0.189346 -1.90889
0.137495 -0.20549 -1.91953
0.121129 -0.223016 -1.92467
0.107038 -0.242543 -1.92505
0.0959972 -0.26403 -1.92476
0.088298 -0.287161 -1.92864
0.0838647 -0.31158 -1.93843
0.0824363 -0.336689 -1.95188
0.0835389 -0.361392 -1.96538
0.0863882 -0.384193 -1.97663
0.090132 -0.403664 -1.98518
0.0943718 -0.418994 -1.99165
0.0993552 -0.430136 -1.9968
0.105568 -0.437484 -2.0008
0.113225 -0.441521 -2.00294
0.122205 -0.442844 -2.00267
0.132331 -0.44232 -2.00111
0.143496 -0.440875 -2.001
0.155495 -0.439049 -2.00438
0.167861 -0.436953 -2.01115
0.179916 -0.43465 -2.01976
0.190917 -0.432218 -2.02831
0.200157 -0.42926 -2.03535
0.20715 -0.424659 -2.04066
0.21183 -0.417138 -2.04524
0.214482 -0.406087 -2.05018
0.215385 -0.391729 -2.05545
0.214594 -0.374604 -2.06002
0.21208 -0.355116 -2.06311
0.207923 -0.333655 -2.0653
0.202253 -0.310914 -2.06818
0.195109 -0.2878 -2.07274
0.186504 -0.26505 -2.07815
0.176631 -0.243189 -2.08253
0.165874 -0.2229 -2.08534
0.15462 -0.205143 -2.08877
0.143073 -0.190669 -2.09584
0.131257 -0.179449 -2.10681
0.119142 -0.17069 -2.11852
0.106793 -0.163358 -2.1277
0.0944235 -0.156616 -2.13435
0.0822942 -0.149945 -2.14106
0.0705777 -0.143181 -2.14971
0.0594366 -0.136577 -2.1596
0.0493094 -0.130773 -2.16859
0.04105 -0.126631 -2.17556
0.0356535 -0.125054 -2.18142
0.0338072 -0.126849 -2.18786
0.0356803 -0.132557 -2.19514
0.0409749 -0.142346 -2.20182
0.048972 -0.156073 -2.2071
0.0585766 -0.173352 -2.21234
0.0686122 -0.193436 -2.21921
0.0783018 -0.215154 -2.22712
0.087517 -0.237226 -2.23427
0.0966213 -0.258755 -2.24019
0.106174 -0.279367 -2.24547
0.116697 -0.298968 -2.24985
0.128423 -0.317573 -2.25227
0.141061 -0.335364 -2.25287
0.153821 -0.352711 -2.25331
0.165738 -0.370067 -2.25562
0.176008 -0.387919 -2.26113
0.184093 -0.406759 -2.26978
0.189758 -0.42694 -2.27974
0.193117 -0.448419 -2.28851
0.194571 -0.470594 -2.2952
0.194574 -0.492333 -2.30139
0.193439 -0.512176 -2.30905
0.191333 -0.528718 -2.31805
0.188269 -0.541001 -2.32669
0.184026 -0.548671 -2.33405
0.178194 -0.551787 -2.34031
0.170486 -0.550573 -2.34524
0.161016 -0.545482 -2.34817
0.150312 -0.537392 -2.34919
0.139162 -0.527463 -2.34908
0.128531 -0.516691 -2.34832
0.119438 -0.505656 -2.34772
0.112623 -0.494621 -2.34917
0.108178 -0.483597 -2.35361
0.105503 -0.47225 -2.35892
0.103584 -0.459926 -2.3618
0.101352 -0.445844 -2.36155
0.0980611 -0.429289 -2.36024
0.093649 -0.409819 -2.35988
0.0887934 -0.387516 -2.36118
0.0844801 -0.363056 -2.36418
0.0814935 -0.337472 -2.36828
0.0803257 -0.311899 -2.37191
0.0813531 -0.287506 -2.37388
0.084796 -0.265444 -2.37447
0.0904673 -0.246672 -2.37415
0.0977223 -0.231831 -2.37244
0.105686 -0.221233 -2.36939
0.113469 -0.214779 -2.36711
0.120306 -0.211804 -2.36846
0.125793 -0.211163 -2.37445
0.130109 -0.211704 -2.38375
0.133895 -0.212723 -2.39398
0.137861 -0.214028 -2.40264
0.142536 -0.215789 -2.40775
0.148218 -0.218558 -2.40859
0.154792 -0.223304 -2.40621
0.161435 -0.231026 -2.40306
0.166723 -0.242106 -2.40176
0.169332 -0.256181 -2.4039
0.1688 -0.272746 -2.40976
0.165673 -0.291667 -2.41883
0.161046 -0.312985 -2.42996
0.155971 -0.336385 -2.44149
0.151075 -0.361084 -2.45197
0.146408 -0.38606 -2.46108
0.141488 -0.410202 -2.46958
0.135612 -0.432377 -2.47836
0.128263 -0.451679 -2.48767
0.119326 -0.467752 -2.49714
0.109084 -0.480839 -2.50624
0.0981704 -0.49152 -2.51461
0.0875306 -0.500427 -2.52219
0.0782163 -0.508165 -2.52955
0.0710084 -0.515315 -2.53775
0.0661688 -0.522319 -2.54717
0.0635096 -0.529298 -2.55655
0.0626013 -0.535923 -2.56395
0.0628876 -0.541362 -2.56853
0.0637742 -0.544348 -2.57129
0.0648631 -0.543564 -2.5741
0.0661994 -0.538258 -2.57812
0.068241 -0.528572 -2.58328
0.0715723 -0.515273 -2.58878
0.0766677 -0.499272 -2.59357
0.0838241 -0.48145 -2.59677
0.0930923 -0.46279 -2.59827
0.104143 -0.444345 -2.5986
0.116285 -0.426915 -2.59823
0.128737 -0.410856 -2.59764
0.140891 -0.396231 -2.59832
0.152302 -0.382938 -2.60254
0.162618 -0.37053 -2.61102
0.171702 -0.358173 -2.62156
0.179771 -0.34515 -2.63078
0.187241 -0.331409 -2.63666
0.194383 -0.317427 -2.63894
0.201196 -0.303697 -2.63822
0.207528 -0.290646 -2.63586
0.213112 -0.278956 -2.63427
0.217492 -0.269523 -2.63564
0.220102 -0.262969 -2.64019
0.22052 -0.259366 -2.64627
0.218613 -0.258485 -2.65201
0.21452 -0.260066 -2.65671
0.208664 -0.263766 -2.66079
0.201783 -0.269079 -2.6651
0.194748 -0.275518 -2.67016
0.188216 -0.282869 -2.67588
0.182417 -0.291226 -2.68183
0.177201 -0.300824 -2.68769
0.172132 -0.31187 -2.69341
0.166543 -0.324374 -2.69919
0.159775 -0.338038 -2.70531
0.151615 -0.352307 -2.71189
0.142575 -0.366626 -2.71891
0.133746 -0.380648 -2.7264
0.126386 -0.394232 -2.73457
0.121575 -0.407381 -2.74325
0.119958 -0.420205 -2.75143
0.121517 -0.432821 -2.75763
0.125529 -0.445171 -2.76141
0.13086 -0.456955 -2.76387
0.136462 -0.467785 -2.76627
0.141707 -0.477363 -2.76868
0.146477 -0.485508 -2.77059
0.151116 -0.492105 -2.77216
0.156304 -0.49712 -2.77405
0.162756 -0.500659 -2.77679
0.170818 -0.502906 -2.78039
0.180261 -0.503881 -2.78413
0.190449 -0.503348 -2.78672
0.200652 -0.50107 -2.78749
0.210205 -0.497083 -2.78718
0.218524 -0.491626 -2.78703
0.2252 -0.484892 -2.7876
0.230156 -0.477046 -2.78866
0.233615 -0.468397 -2.78984
0.235844 -0.45926 -2.79125
0.236975 -0.449631 -2.7937
0.23702 -0.439154 -2.79781
0.235923 -0.427465 -2.80296
0.23356 -0.414511 -2.80758
0.229802 -0.400544 -2.81079
0.224679 -0.38599 -2.81318
0.218417 -0.37138 -2.81587
0.211284 -0.357281 -2.8193
0.203442 -0.344101 -2.8232
0.194988 -0.331898 -2.82693
0.186074 -0.320399 -2.83004
0.176936 -0.309282 -2.83285
0.167842 -0.298504 -2.83648
0.159029 -0.288388 -2.84186
0.150662 -0.279367 -2.84839
0.142831 -0.27168 -2.85422
0.135638 -0.26536 -2.85814
0.129273 -0.260417 -2.86081
0.123962 -0.256883 -2.86372
0.119876 -0.254674 -2.86745
0.117137 -0.253611 -2.87145
0.115867 -0.253682 -2.8756
0.116138 -0.255166 -2.88098
0.11784 -0.258339 -2.88843
0.120682 -0.263078 -2.89694
0.1244 -0.268869 -2.90442
0.128946 -0.275239 -2.90982
0.134437 -0.282049 -2.91385
0.14094 -0.289331 -2.91758
0.148349 -0.297012 -2.92108
0.156394 -0.304977 -2.92416
0.164682 -0.313302 -2.92757
0.172728 -0.322201 -2.93263
0.180062 -0.331711 -2.93972
0.18639 -0.341603 -2.94784
0.191653 -0.351615 -2.95519
0.195946 -0.361609 -2.9601
0.199422 -0.37147 -2.96229
0.202208 -0.381012 -2.96347
0.204326 -0.39006 -2.96602
0.205631 -0.398521 -2.97102
0.205878 -0.406348 -2.97801
0.204861 -0.413518 -2.98601
0.202472 -0.420058 -2.99421
0.198659 -0.425976 -3.00197
0.193438 -0.43111 -3.00887
0.186966 -0.435095 -3.01471
0.179568 -0.437584 -3.01979
0.171663 -0.438514 -3.02501
0.163651 -0.438092 -3.03118
0.155829 -0.436539 -3.03819
0.148374 -0.433918 -3.04513
0.141366 -0.430221 -3.05134
0.134794 -0.425454 -3.05675
0.128557 -0.419558 -3.06149
0.122536 -0.412343 -3.06563
0.116771 -0.403676 -3.06935
0.111583 -0.393746 -3.07319
0.107521 -0.38307 -3.07791
0.105129 -0.372238 -3.08363
0.104703 -0.3617 -3.08923
0.106184 -0.351706 -3.09319
0.109228 -0.342322 -3.0951
0.113395 -0.333471 -3.09605
0.118318 -0.325019 -3.09754
0.123761 -0.316837 -3.10024
0.129594 -0.308772 -3.10375
0.135778 -0.300682 -3.10699
0.14233 -0.292576 -3.1093
0.149254 -0.284664 -3.11125
0.156465 -0.277237 -3.11402
0.163782 -0.270584 -3.11787
0.170973 -0.265088 -3.12185
0.177783 -0.261212 -3.12503
0.183926 -0.259259 -3.12737
0.189115 -0.259174 -3.12945
0.193125 -0.260677 -3.13196
0.195852 -0.263508 -3.13551
0.197313 -0.267502 -3.14056
0.197619 -0.272494 -3.14699
0.19692 -0.278242 -3.15399
0.195351 -0.284466 -3.16074
0.193006 -0.290938 -3.16687
0.189942 -0.297564 -3.17206
0.186186 -0.304398 -3.17585
0.181772 -0.311591 -3.17834
0.176795 -0.319364 -3.18071
0.171446 -0.328009 -3.18457
0.165939 -0.337784 -3.19083
0.160412 -0.34866 -3.199
0.15491 -0.360122 -3.20741
0.149488 -0.371334 -3.21454
0.144329 -0.381606 -3.22029
0.139735 -0.390699 -3.22551
0.135982 -0.398643 -3.23054
0.133208 -0.405405 -3.2353
0.13144 -0.410878 -3.2401
0.130674 -0.415139 -3.24546
0.130868 -0.418494 -3.25136
0.131902 -0.421161 -3.25718
0.133619 -0.423091 -3.26206
0.135961 -0.424234 -3.26534
0.139017 -0.424874 -3.26743
0.142916 -0.425438 -3.26988
0.147678 -0.425967 -3.27403
0.153189 -0.425964 -3.27968
0.159262 -0.4248 -3.28553
0.165691 -0.422145 -3.29046
0.172235 -0.417981 -3.29397
0.178628 -0.412376 -3.29595
0.184629 -0.405446 -3.2965
0.190061 -0.397493 -3.29624
0.19481 -0.389038 -3.29647
0.19879 -0.380559 -3.29845
0.201939 -0.372225 -3.30239
0.204266 -0.363979 -3.30727
0.205869 -0.355887 -3.31176
0.206904 -0.34824 -3.31514
0.207489 -0.341279 -3.31755
0.207637 -0.334941 -3.31954
0.207246 -0.328974 -3.32186
0.20616 -0.323217 -3.32536
0.204232 -0.317667 -3.33063
0.201392 -0.312347 -3.33731
0.197675 -0.307232 -3.34395
0.193243 -0.302377 -3.34914
0.188356 -0.29804 -3.35269
0.183316 -0.294563 -3.35549
0.178385 -0.292127 -3.3585
0.173756 -0.290684 -3.36215
0.169576 -0.29016 -3.36663
0.165959 -0.290627 -3.37201
0.162967 -0.292214 -3.37799
0.160581 -0.294916 -3.38394
0.158731 -0.298548 -3.38913
0.157353 -0.302877 -3.39321
0.156435 -0.307735 -3.39645
0.156026 -0.313004 -3.39958
0.15622 -0.3186 -3.40314
0.157102 -0.324511 -3.40718
0.1587 -0.330816 -3.41142
0.160962 -0.337578 -3.41562
0.163774 -0.344742 -3.41969
0.167001 -0.352161 -3.42369
0.170491 -0.359688 -3.42775
0.174088 -0.367214 -3.43192
0.177663 -0.374653 -3.43617
0.181159 -0.381946 -3.44064
0.184584 -0.389043 -3.44549
0.187945 -0.395865 -3.45062
0.191196 -0.402283 -3.45568
0.194234 -0.408171 -3.46024
0.196915 -0.41343 -3.46416
0.199066 -0.417952 -3.46759
0.200514 -0.421586 -3.47082
0.201146 -0.424188 -3.47407
0.200952 -0.425718 -3.47746
0.200027 -0.426263 -3.48107
0.198529 -0.425981 -3.48485
0.196639 -0.425007 -3.48866
0.194539 -0.423465 -3.4925
0.19238 -0.421532 -3.49642
0.190228 -0.419424 -3.50028
0.188024 -0.417254 -3.50382
0.185625 -0.414934 -3.5071
0.182909 -0.412262 -3.51041
0.179841 -0.4091 -3.51398
0.176465 -0.405411 -3.51802
0.172865 -0.401145 -3.52263
0.169163 -0.396157 -3.52756
0.165537 -0.390305 -3.5323
0.162208 -0.383611 -3.53664
0.159388 -0.376272 -3.54069
0.157227 -0.368561 -3.54447
0.155805 -0.36078 -3.54789
0.155135 -0.353299 -3.55111
0.155164 -0.346523 -3.55445
0.155772 -0.340734 -3.55805
0.156809 -0.335975 -3.56173
0.158146 -0.332119 -3.56521
0.159699 -0.329012 -3.56838
0.161433 -0.326518 -3.57132
0.163365 -0.324452 -3.57405
0.165565 -0.322597 -3.5767
0.168123 -0.320843 -3.57958
0.171074 -0.319274 -3.58288
0.174347 -0.318067 -3.58647
0.177792 -0.317368 -3.59006
0.181249 -0.317318 -3.59354
0.184572 -0.318152 -3.59705
0.187627 -0.320144 -3.6007
0.19028 -0.323427 -3.60445
0.192426 -0.327892 -3.60828
0.193999 -0.333282 -3.61251
0.194974 -0.339287 -3.61758
0.195371 -0.345553 -3.62339
0.195236 -0.35168 -3.62925
0.194603 -0.357303 -3.63449
0.193462 -0.362176 -3.63889
0.191799 -0.366209 -3.64266
0.189657 -0.369472 -3.64629
0.187149 -0.37218 -3.65043
0.184412 -0.374649 -3.65533
0.181566 -0.377236 -3.66053
0.178711 -0.380267 -3.66545
0.175927 -0.383947 -3.66989
0.173265 -0.388265 -3.67404
0.170741 -0.392991 -3.67809
0.16835 -0.397756 -3.68226
0.166084 -0.402144 -3.68662
0.163948 -0.405724 -3.69103
0.161968 -0.408104 -3.69533
0.160219 -0.408996 -3.69971
0.158808 -0.40829 -3.7044
0.157849 -0.406077 -3.70925
0.157429 -0.40264 -3.71391
0.157591 -0.39842 -3.71821
0.158338 -0.39394 -3.72209
0.159624 -0.389673 -3.72539
0.161369 -0.385932 -3.72815
0.163466 -0.382819 -3.73082
0.165795 -0.380244 -3.734
0.168238 -0.377946 -3.7379
0.170704 -0.375546 -3.74218
0.17315 -0.372669 -3.74632
0.175572 -0.369067 -3.74993
0.177957 -0.364631 -3.75295
0.180271 -0.359344 -3.75547
0.182494 -0.353321 -3.75766
0.184638 -0.346912 -3.75981
0.186709 -0.340674 -3.76234
0.188657 -0.335176 -3.76551
0.19037 -0.330814 -3.7692
0.191724 -0.327806 -3.77315
0.192617 -0.326229 -3.77728
0.19298 -0.325983 -3.7816
0.192773 -0.326732 -3.78594
0.192007 -0.327984 -3.78999
0.190744 -0.329286 -3.79379
0.189068 -0.330319 -3.79786
0.18707 -0.330861 -3.80266
0.184856 -0.330791 -3.80805
0.182546 -0.330201 -3.81348
0.180225 -0.329438 -3.8185
0.177913 -0.328961 -3.82303
0.175602 -0.32916 -3.82717
0.173324 -0.330346 -3.83118
0.171177 -0.332808 -3.83532
0.169269 -0.336723 -3.83982
0.167662 -0.341978 -3.84468
0.166376 -0.348155 -3.84972
0.165421 -0.35472 -3.85471
0.164799 -0.361182 -3.85938
0.164499 -0.367093 -3.86377
0.164518 -0.372058 -3.86809
0.164875 -0.375858 -3.8725
0.165605 -0.378571 -3.87692
0.166716 -0.38049 -3.88129
0.168185 -0.381958 -3.88568
0.169973 -0.383294 -3.88999
0.172031 -0.384843 -3.89406
0.174273 -0.386937 -3.89794
0.176564 -0.389704 -3.90196
0.178773 -0.392962 -3.90637
0.18083 -0.396317 -3.91094
0.182732 -0.39936 -3.91539
0.184474 -0.401717 -3.9197
0.186009 -0.402979 -3.92397
0.187293 -0.402763 -3.92808
0.188336 -0.400934 -3.93188
0.189176 -0.39775 -3.93549
0.189821 -0.393675 -3.93913
0.190228 -0.389118 -3.94268
0.190356 -0.384423 -3.94593
0.190207 -0.380028 -3.949
0.189791 -0.376403 -3.95238
0.18909 -0.373748 -3.95635
0.188083 -0.371868 -3.96072
0.186792 -0.370398 -3.96508
0.185267 -0.369043 -3.96936
0.183545 -0.367512 -3.97378
0.181651 -0.365374 -3.97832
0.179641 -0.362227 -3.98257
0.177616 -0.35802 -3.98631
0.175672 -0.353098 -3.98989
0.173855 -0.34789 -3.99369
0.172187 -0.342726 -3.99767
0.170717 -0.337961 -4.00168
0.169502 -0.334094 -4.00585
0.16855 -0.331558 -4.0103
0.167815 -0.330441 -4.0148
0.167252 -0.330518 -4.01896
0.16687 -0.331504 -4.02266
0.166711 -0.333153 -4.02624
0.166798 -0.33512 -4.03009
0.167131 -0.336934 -4.03433
0.167715 -0.338226 -4.03872
0.168552 -0.338947 -4.04296
0.169609 -0.339283 -4.04689
0.170822 -0.339453 -4.05056
0.172136 -0.339675 -4.05411
0.173525 -0.340296 -4.05774
0.174973 -0.341758 -4.06163
0.176427 -0.344362 -4.06584
0.17781 -0.348103 -4.07025
0.179048 -0.352742 -4.07469
0.180083 -0.357961 -4.07916
0.180868 -0.363392 -4.08385
0.18136 -0.36856 -4.08883
0.181557 -0.372977 -4.09389
0.181508 -0.376351 -4.09869
0.181276 -0.378684 -4.10314
0.180887 -0.380141 -4.10734
0.180325 -0.38088 -4.11141
0.179582 -0.381106 -4.11538
0.178686 -0.38119 -4.11937
0.177675 -0.381599 -4.12354
0.176552 -0.382624 -4.12797
0.175293 -0.384241 -4.13259
0.173906 -0.386248 -4.13732
0.172437 -0.388427 -4.14217
0.170943 -0.390512 -4.14713
0.169468 -0.392082 -4.15196
0.168067 -0.392681 -4.15638
0.166816 -0.392087 -4.16041
0.165782 -0.390371 -4.16433
0.164984 -0.387707 -4.16838
0.16441 -0.38425 -4.1725
0.164062 -0.380263 -4.17655
0.163962 -0.37621 -4.18048
0.164103 -0.372571 -4.18432
0.164446 -0.369578 -4.18811
0.164959 -0.367209 -4.19196
0.165652 -0.365389 -4.19608
0.16654 -0.364052 -4.20049
0.167605 -0.362992 -4.20495
0.168795 -0.361813 -4.20915
0.17007 -0.360132 -4.21297
0.171417 -0.357803 -4.21654
0.172823 -0.354886 -4.22006
0.174258 -0.351489 -4.22365
0.175695 -0.347776 -4.22734
0.177128 -0.344088 -4.23107
0.178545 -0.340904 -4.23475
0.179893 -0.338613 -4.23833
0.181096 -0.337344 -4.24194
0.182093 -0.337055 -4.24581
0.182858 -0.337683 -4.25008
0.183376 -0.339121 -4.25466
0.183623 -0.3411 -4.25937
0.183582 -0.343208 -4.26403
0.183264 -0.345068 -4.26861
0.182704 -0.34648 -4.27317
0.181944 -0.347393 -4.27772
0.181026 -0.347835 -4.28218
0.180003 -0.347939 -4.28643
0.17893 -0.348011 -4.29054
0.177842 -0.348454 -4.2947
0.176738 -0.34957 -4.2991
0.175593 -0.351445 -4.30371
0.1744 -0.354027 -4.30842
0.173188 -0.357239 -4.31317
0.172001 -0.360944 -4.31797
0.170878 -0.36485 -4.32281
0.16986 -0.368555 -4.32762
0.168997 -0.371723 -4.33239
0.168343 -0.37418 -4.33706
0.167921 -0.375863 -4.34151
0.167729 -0.376752 -4.34561
0.167749 -0.376934 -4.34942
0.167969 -0.376663 -4.35316
0.16837 -0.376295 -4.35704
0.168922 -0.376113 -4.36113
0.169591 -0.376257 -4.36538
0.170351 -0.376765 -4.3697
0.171187 -0.377609 -4.37402
0.172079 -0.378649 -4.37828
0.173004 -0.379617 -4.38245
0.173942 -0.380203 -4.38661
0.174874 -0.380179 -4.39078
0.175774 -0.379425 -4.39489
0.176607 -0.3779 -4.39883
0.177337 -0.375626 -4.40255
0.177942 -0.372734 -4.40615
0.178418 -0.369481 -4.40972
0.178769 -0.366192 -4.41337
0.178999 -0.363161 -4.41715
0.179103 -0.360607 -4.42103
0.179072 -0.358656 -4.42502
0.178891 -0.357325 -4.42911
0.178537 -0.356495 -4.43329
0.177992 -0.355929 -4.43757
0.177258 -0.355363 -4.44194
0.17636 -0.354591 -4.44636
0.175342 -0.353496 -4.45076
0.174246 -0.352034 -4.45505
0.17311 -0.350225 -4.45923
0.171969 -0.348174 -4.46336
0.17086 -0.346088 -4.46749
0.169814 -0.344229 -4.47162
0.168851 -0.342844 -4.47571
0.167975 -0.342112 -4.47984
0.167187 -0.342131 -4.48411
0.166491 -0.342906 -4.48862
0.165891 -0.344334 -4.49334
0.165393 -0.346203 -4.49815
0.165007 -0.348254 -4.50289
0.16475 -0.350254 -4.50747
0.164646 -0.352047 -4.51192
0.164713 -0.353548 -4.5163
0.164961 -0.354729 -4.52062
0.16539 -0.355644 -4.52489
0.165989 -0.356435 -4.5291
0.166731 -0.357288 -4.53325
0.167575 -0.358369 -4.5374
0.168482 -0.359786 -4.54158
0.169423 -0.361595 -4.54589
0.170382 -0.363803 -4.55035
0.171338 -0.366336 -4.55496
0.172264 -0.369021 -4.55965
0.173135 -0.371625 -4.5643
0.173935 -0.373923 -4.56884
0.174655 -0.375742 -4.57326
0.175287 -0.376977 -4.5776
0.175825 -0.377597 -4.58187
0.176261 -0.377658 -4.58607
0.176588 -0.377292 -4.5902
0.1768 -0.376677 -4.5943
0.176894 -0.375983 -4.59843
0.176868 -0.375342 -4.6026
0.176731 -0.374843 -4.60683
0.176489 -0.374522 -4.61113
0.176154 -0.374357 -4.61551
0.175735 -0.374253 -4.61996
0.175242 -0.374062 -4.6244
0.174685 -0.37362 -4.6288
0.174079 -0.372794 -4.63316
0.173445 -0.371498 -4.63741
0.172809 -0.369714 -4.64155
0.172198 -0.367503 -4.6456
0.171636 -0.365004 -4.6496
0.171139 -0.362397 -4.65358
0.170716 -0.359867 -4.65756
0.170372 -0.357567 -4.66159
0.170108 -0.355607 -4.66566
0.169926 -0.354044 -4.66978
0.169827 -0.352877 -4.67394
0.169811 -0.352044 -4.67816
0.16988 -0.351437 -4.68242
0.170038 -0.350925 -4.6867
0.170294 -0.350391 -4.69093
0.170651 -0.34975 -4.69508
0.171104 -0.348968 -4.69915
0.171642 -0.348066 -4.70311
0.172247 -0.347128 -4.707
0.172901 -0.346286 -4.71088
0.173577 -0.345682 -4.71482
0.174244 -0.345437 -4.71884
0.17487 -0.345627 -4.72294
0.175436 -0.346288 -4.72713
0.175926 -0.3474 -4.7314
0.176334 -0.348879 -4.73574
0.17666 -0.350599 -4.74012
0.176901 -0.352432 -4.74452
0.177051 -0.354259 -4.74893
0.177094 -0.355976 -4.75334
0.17702 -0.357504 -4.75772
0.176827 -0.358818 -4.76203
0.176522 -0.359958 -4.76631
0.176114 -0.361007 -4.77059
0.175615 -0.362055 -4.77491
0.175043 -0.363186 -4.77925
0.17442 -0.364468 -4.78363
0.17376 -0.365935 -4.78809
0.173072 -0.36756 -4.79261
0.172365 -0.369265 -4.79716
0.171652 -0.370947 -4.80169
0.170948 -0.372498 -4.80619
0.170268 -0.373815 -4.81067
0.169629 -0.374806 -4.81514
0.169048 -0.375419 -4.81955
0.168539 -0.375651 -4.82389
0.16811 -0.375544 -4.82817
0.167768 -0.375169 -4.83238
0.167527 -0.374614 -4.83656
0.167396 -0.373973 -4.84073
0.167382 -0.373332 -4.84493
0.167484 -0.37274 -4.84914
0.167699 -0.3722 -4.85336
0.16802 -0.371681 -4.85758
0.168433 -0.371132 -4.86181
0.168921 -0.370492 -4.86603
0.169466 -0.369694 -4.87022
0.170053 -0.368686 -4.87437
0.170667 -0.36745 -4.87849
0.1713 -0.366002 -4.88255
0.171942 -0.364382 -4.88657
0.172588 -0.362652 -4.89054
0.173223 -0.360893 -4.8945
0.173827 -0.359197 -4.89848
0.174377 -0.357652 -4.90249
0.174851 -0.356323 -4.90656
0.175229 -0.355241 -4.91069
0.175491 -0.354403 -4.91488
0.175627 -0.353778 -4.91915
0.175643 -0.353314 -4.92347
0.17555 -0.352953 -4.92781
0.175367 -0.352638 -4.93214
0.175113 -0.352327 -4.93645
0.174807 -0.35201 -4.94072
0.174461 -0.351702 -4.94497
0.174078 -0.351436 -4.94922
0.173654 -0.351252 -4.95348
0.173192 -0.351205 -4.95777
0.172703 -0.351357 -4.96208
0.172201 -0.35175 -4.96642
0.171703 -0.352395 -4.97079
0.171228 -0.353274 -4.97521
0.170796 -0.354352 -4.97966
0.170429 -0.355575 -4.9841
0.170135 -0.356871 -4.98853
0.169919 -0.358163 -4.99291
0.16978 -0.35939 -4.99726
0.169714 -0.360522 -5.00158
0.169717 -0.361549 -5.00588
0.169787 -0.362477 -5.01016
0.169926 -0.363325 -5.01442
0.170138 -0.364131 -5.01866
0.170422 -0.364933 -5.02287
0.170772 -0.365755 -5.02708
0.171177 -0.366598 -5.03128
0.171628 -0.367453 -5.03549
0.172114 -0.368299 -5.0397
0.17262 -0.369097 -5.04392
0.173127 -0.369794 -5.04812
0.173619 -0.370332 -5.0523
0.174084 -0.370667 -5.05644
0.174508 -0.370781 -5.06056
0.174879 -0.370671 -5.06467
0.175185 -0.370356 -5.06877
0.175421 -0.369872 -5.07286
0.175581 -0.369266 -5.07692
0.175664 -0.368586 -5.08099
0.17567 -0.36787 -5.08507
0.175598 -0.367141 -5.08919
0.175446 -0.366414 -5.09333
0.175211 -0.365692 -5.09749
0.174893 -0.364969 -5.10168
0.174497 -0.364226 -5.10589
0.174036 -0.363441 -5.11012
0.173525 -0.362594 -5.11435
0.172985 -0.361677 -5.11857
0.172438 -0.360693 -5.12278
0.171901 -0.359661 -5.12696
0.171389 -0.358614 -5.13113
0.170911 -0.357595 -5.13529
0.170473 -0.35665 -5.13945
0.170076 -0.355817 -5.14363
0.169724 -0.355123 -5.14783
0.169421 -0.354584 -5.15207
0.169174 -0.354205 -5.15633
0.168992 -0.353977 -5.16061
0.168884 -0.353883 -5.16488
0.168857 -0.353896 -5.16916
0.168913 -0.353996 -5.17344
0.169051 -0.354164 -5.17771
0.169264 -0.354389 -5.18196
0.169542 -0.354663 -5.18619
0.169872 -0.35499 -5.19041
0.170242 -0.355384 -5.19464
0.170639 -0.35586 -5.1989
0.171057 -0.356434 -5.20316
0.171488 -0.357111 -5.20745
0.171931 -0.357893 -5.21173
0.172379 -0.358768 -5.21602
0.172823 -0.359716 -5.22031
0.173248 -0.360704 -5.22461
0.173637 -0.361701 -5.22893
0.173977 -0.362677 -5.23325
0.174255 -0.36361 -5.23758
0.174464 -0.364481 -5.24191
0.174601 -0.365275 -5.24623
0.174667 -0.365986 -5.25055
0.174668 -0.366618 -5.25487
0.17461 -0.367179 -5.2592
0.174501 -0.367675 -5.26352
0.174345 -0.368114 -5.26785
0.174146 -0.3685 -5.27218
0.17391 -0.368833 -5.27651
0.173638 -0.369102 -5.28083
0.173338 -0.369288 -5.28515
0.17302 -0.369375 -5.28947
0.172696 -0.369348 -5.29377
0.172378 -0.3692 -5.29806
0.17208 -0.368924 -5.30232
0.171813 -0.368523 -5.30656
0.17159 -0.368007 -5.31078
0.171419 -0.367392 -5.31498
0.171305 -0.366695 -5.31915
0.17125 -0.365935 -5.3233
0.171252 -0.365132 -5.32743
0.171308 -0.364306 -5.33154
0.171413 -0.363474 -5.33566
0.17156 -0.362646 -5.33977
0.171749 -0.361825 -5.34387
0.171978 -0.361012 -5.34797
0.172246 -0.360207 -5.35205
0.172551 -0.359412 -5.35614
0.172886 -0.358629 -5.36021
0.173241 -0.357865 -5.36426
0.173605 -0.357129 -5.3683
0.17396 -0.356438 -5.37235
0.174294 -0.35581 -5.37641
0.174594 -0.355263 -5.38049
0.174854 -0.354808 -5.38458
0.175071 -0.354457 -5.38869
0.175244 -0.354216 -5.39281
0.175375 -0.354087 -5.39695
0.175462 -0.354066 -5.4011
0.175502 -0.354146 -5.40526
0.175492 -0.354319 -5.40944
0.175425 -0.354579 -5.41362
0.175299 -0.35492 -5.41782
0.175109 -0.355333 -5.42205
0.174857 -0.355815 -5.4263
0.174551 -0.356363 -5.43057
0.174201 -0.356976 -5.43486
0.173825 -0.35765 -5.43916
0.173438 -0.358378 -5.44347
0.173054 -0.35915 -5.44777
0.172686 -0.359959 -5.45208
0.172338 -0.360792 -5.45638
0.172015 -0.361637 -5.46069
0.171716 -0.362478 -5.46499
0.171443 -0.363303 -5.46929
0.171196 -0.3641 -5.4736
0.170981 -0.364857 -5.47791
0.170807 -0.365564 -5.48221
0.170683 -0.366209 -5.48651
0.170617 -0.366788 -5.49078
0.170614 -0.367297 -5.49504
0.170672 -0.367733 -5.49928
0.170785 -0.368095 -5.50351
0.170944 -0.368381 -5.50772
0.171138 -0.368593 -5.51194
0.171356 -0.368729 -5.51614
0.171589 -0.368787 -5.52035
0.17183 -0.368766 -5.52456
0.172074 -0.368664 -5.52876
0.172316 -0.368481 -5.53295
0.172553 -0.368217 -5.53714
0.17278 -0.367875 -5.54133
0.172993 -0.367458 -5.54551
0.173186 -0.366974 -5.54967
0.17335 -0.366431 -5.55384
0.173477 -0.365842 -5.55802
0.173559 -0.365219 -5.56221
0.173592 -0.364574 -5.56641
0.173575 -0.363916 -5.57062
0.173512 -0.363252 -5.57484
0.17341 -0.36259 -5.57907
0.173277 -0.361937 -5.58331
0.173124 -0.361298 -5.58754
0.172957 -0.360676 -5.59176
0.17278 -0.360076 -5.59598
0.172595 -0.359507 -5.6002
0.172402 -0.358976 -5.60442
0.172203 -0.358491 -5.60866
0.172001 -0.358061 -5.6129
0.171804 -0.357694 -5.61715
0.171618 -0.357397 -5.62141
0.171454 -0.357174 -5.62567
0.171322 -0.357026 -5.62993
0.171232 -0.35695 -5.63419
0.17119 -0.356945 -5.63843
0.171199 -0.357008 -5.64267
0.171257 -0.357134 -5.64689
0.171357 -0.35732 -5.6511
0.171492 -0.357562 -5.65532
0.171653 -0.357857 -5.65953
0.171836 -0.358202 -5.66375
0.172037 -0.358595 -5.66798
0.172256 -0.35903 -5.6722
0.172492 -0.359503 -5.67642
0.172746 -0.360007 -5.68064
0.173014 -0.360534 -5.68485
0.173289 -0.361076 -5.68905
0.173562 -0.361626 -5.69324
0.173821 -0.362176 -5.69744
0.174055 -0.362718 -5.70164
0.174257 -0.363242 -5.70585
0.174422 -0.363743 -5.71006
0.174549 -0.36421 -5.71428
0.174639 -0.364638 -5.7185
0.174695 -0.36502 -5.72272
0.174716 -0.365355 -5.72693
0.174706 -0.365637 -5.73113
0.174665 -0.365866 -5.73533
0.174594 -0.36604 -5.73953
0.174493 -0.366157 -5.74373
0.174365 -0.366217 -5.74793
0.174211 -0.366219 -5.75213
0.174034 -0.366163 -5.75633
0.173838 -0.36605 -5.76053
0.173629 -0.36588 -5.76474
0.173415 -0.365656 -5.76894
0.173203 -0.365379 -5.77313
0.173 -0.365051 -5.77731
0.172813 -0.364679 -5.78148
0.172645 -0.364271 -5.78564
0.172497 -0.363834 -5.7898
0.172369 -0.363377 -5.79395
0.172259 -0.362907 -5.7981
0.172166 -0.362434 -5.80226
0.172092 -0.361966 -5.80642
0.172038 -0.361508 -5.81059
0.172007 -0.361066 -5.81476
0.172 -0.360642 -5.81892
0.17202 -0.360242 -5.82309
0.172065 -0.359868 -5.82726
0.172132 -0.359523 -5.83142
0.172217 -0.359211 -5.83559
0.172314 -0.358939 -5.83976
0.172417 -0.358712 -5.84394
0.172518 -0.358534 -5.84813
0.172614 -0.358411 -5.85233
0.172701 -0.358344 -5.85654
0.172779 -0.358333 -5.86076
0.172848 -0.35838 -5.86499
0.172911 -0.358483 -5.86923
0.172966 -0.358638 -5.87348
0.173014 -0.358841 -5.87773
0.173053 -0.35909 -5.88199
0.173077 -0.359377 -5.88625
0.173084 -0.359698 -5.89053
0.17307 -0.360049 -5.89482
0.173034 -0.360424 -5.89911
0.172979 -0.36082 -5.90341
0.17291 -0.361233 -5.90772
0.172834 -0.361657 -5.91202
0.172756 -0.362088 -5.91632
0.17268 -0.36252 -5.92063
0.172608 -0.362947 -5.92492
0.172538 -0.363365 -5.92922
0.172468 -0.363767 -5.93351
0.172397 -0.364147 -5.9378
0.172326 -0.364499 -5.94209
0.172255 -0.364819 -5.94638
0.172189 -0.365101 -5.95067
0.172132 -0.365341 -5.95495
0.172089 -0.365537 -5.95922
0.172064 -0.365687 -5.96348
0.172057 -0.365789 -5.96773
0.172069 -0.365843 -5.97197
0.172097 -0.36585 -5.97619
0.172139 -0.365809 -5.98041
0.172189 -0.365725 -5.98461
0.172245 -0.365597 -5.98882
0.172306 -0.36543 -5.99301
0.172372 -0.365224 -5.9972
0.172444 -0.36498 -6.00139
0.172524 -0.3647 -6.00557
0.172615 -0.364388 -6.00974
0.172715 -0.364046 -6.01391
0.172823 -0.363677 -6.01806
0.172935 -0.363286 -6.0222
0.173045 -0.362877 -6.02634
0.173149 -0.362458 -6.03048
0.173243 -0.362034 -6.03462
0.173326 -0.361612 -6.03876
0.173396 -0.361199 -6.0429
0.173454 -0.360801 -6.04704
0.173503 -0.360424 -6.05119
0.173543 -0.360072 -6.05533
0.173576 -0.359749 -6.05947
0.173603 -0.359457 -6.06361
0.173622 -0.359199 -6.06776
0.173632 -0.358976 -6.07191
0.17363 -0.358791 -6.07607
0.173614 -0.358645 -6.08023
0.173584 -0.358542 -6.0844
0.173541 -0.358483 -6.08857
0.173488 -0.35847 -6.09276
0.173429 -0.358504 -6.09695
0.173367 -0.358583 -6.10115
0.173308 -0.358708 -6.10536
0.173251 -0.358877 -6.10956
0.173197 -0.359086 -6.11377
0.173144 -0.359333 -6.11798
0.17309 -0.359611 -6.12219
0.173034 -0.359918 -6.12642
0.172975 -0.36025 -6.13065
0.172916 -0.360602 -6.13489
0.172862 -0.36097 -6.13913
0.172816 -0.361349 -6.14338
0.17278 -0.361735 -6.14763
0.172756 -0.362123 -6.15188
0.172745 -0.362508 -6.15613
0.172743 -0.362884 -6.16038
0.172747 -0.363248 -6.16463
0.172756 -0.363593 -6.16889
0.172765 -0.363915 -6.17314
0.172776 -0.364211 -6.1774
0.172787 -0.364475 -6.18166
0.172801 -0.364705 -6.18591
0.172819 -0.364896 -6.19017
0.172841 -0.365046 -6.19441
0.172867 -0.365154 -6.19866
0.172894 -0.365218 -6.2029
0.172921 -0.36524 -6.20714
0.172942 -0.36522 -6.21138
0.172957 -0.365159 -6.21562
0.172964 -0.365058 -6.21985
0.17296 -0.36492 -6.22409
0.172948 -0.364746 -6.22834
0.172928 -0.364539 -6.23258
0.172901 -0.364301 -6.23682
0.172869 -0.364036 -6.24106
0.172832 -0.363748 -6.24529
0.17279 -0.363438 -6.24951
0.172743 -0.363113 -6.25374
0.172692 -0.362777 -6.25796
0.172637 -0.362433 -6.26219
0.17258 -0.362088 -6.26641
0.172523 -0.361747 -6.27063
0.172466 -0.361414 -6.27486
0.172413 -0.361094 -6.27908
0.172365 -0.360791 -6.28331
0.172324 -0.360507 -6.28753
0.17229 -0.360247 -6.29176
0.172266 -0.360011 -6.29598
0.172251 -0.359804 -6.3002
0.172246 -0.359626 -6.30441
0.172252 -0.359482 -6.30863
0.172268 -0.359372 -6.31285
0.172294 -0.3593 -6.31706
0.172331 -0.359265 -6.32128
0.172377 -0.359268 -6.32549
0.172432 -0.359309 -6.32971
0.172496 -0.359387 -6.33392
0.172567 -0.3595 -6.33813
0.172643 -0.359646 -6.34235
0.172724 -0.359823 -6.34656
0.172806 -0.360028 -6.35077
0.172888 -0.360257 -6.35498
0.172968 -0.360506 -6.3592
0.173045 -0.360771 -6.36341
0.173116 -0.361049 -6.36763
0.173179 -0.361335 -6.37184
0.173232 -0.361625 -6.37605
0.173274 -0.361917 -6.38027
0.173305 -0.362207 -6.38448
0.173325 -0.362493 -6.38869
0.173333 -0.362773 -6.3929
0.173329 -0.363044 -6.39711
0.173313 -0.363301 -6.40132
0.173287 -0.363543 -6.40554
0.173251 -0.363764 -6.40975
0.173205 -0.363961 -6.41397
0.173151 -0.364133 -6.41819
0.173089 -0.364274 -6.4224
0.173021 -0.364384 -6.42661
0.17295 -0.36446 -6.43082
0.172879 -0.364502 -6.43503
0.17281 -0.364511 -6.43923
0.172745 -0.364487 -6.44343
0.172685 -0.364431 -6.44763
0.172631 -0.364345 -6.45182
0.172584 -0.364231 -6.45602
0.172544 -0.36409 -6.46021
0.172512 -0.363924 -6.46441
0.172489 -0.363735 -6.4686
0.172475 -0.363526 -6.47279
0.172472 -0.363299 -6.47698
0.172479 -0.363057 -6.48118
0.172498 -0.362802 -6.48537
0.172528 -0.362538 -6.48956
0.172567 -0.362269 -6.49375
0.172616 -0.361998 -6.49794
0.172672 -0.36173 -6.50213
0.172733 -0.361469 -6.50633
0.172797 -0.361218 -6.51052
0.172862 -0.360982 -6.51472
0.172927 -0.360762 -6.51893
0.17299 -0.360562 -6.52313
0.17305 -0.360383 -6.52734
0.173103 -0.360226 -6.53155
0.17315 -0.360092 -6.53578
0.173187 -0.359984 -6.54001
0.173213 -0.359902 -6.54424
0.173228 -0.359847 -6.54849
0.173231 -0.35982 -6.55273
0.173222 -0.359821 -6.55698
0.173202 -0.359851 -6.56124
0.173173 -0.35991 -6.5655
0.173135 -0.359998 -6.56977
0.173088 -0.360114 -6.57404
0.173034 -0.360257 -6.57831
0.172975 -0.360423 -6.58259
0.17291 -0.360607 -6.58687
0.172843 -0.360807 -6.59115
0.172775 -0.361018 -6.59543
0.172706 -0.361237 -6.59971
0.172639 -0.361462 -6.60399
0.172575 -0.36169 -6.60827
0.172517 -0.361919 -6.61254
0.172465 -0.362145 -6.61682
0.172422 -0.362367 -6.6211
0.172388 -0.36258 -6.62537
0.172365 -0.362782 -6.62963
0.172352 -0.362969 -6.63389
0.172347 -0.36314 -6.63814
0.172351 -0.363292 -6.64239
0.172361 -0.363423 -6.64663
0.17238 -0.363532 -6.65087
0.172406 -0.363618 -6.6551
0.17244 -0.36368 -6.65932
0.17248 -0.363719 -6.66354
0.172527 -0.363735 -6.66776
0.172578 -0.363728 -6.67197
0.172632 -0.363697 -6.67618
0.172686 -0.363643 -6.68039
0.172739 -0.363565 -6.68458
0.172789 -0.363465 -6.68878
0.172835 -0.363345 -6.69297
0.172875 -0.363206 -6.69715
0.172909 -0.363052 -6.70134
0.172936 -0.362886 -6.70552
0.172954 -0.362711 -6.7097
0.172964 -0.362529 -6.71389
0.172966 -0.362344 -6.71807
0.172958 -0.362157 -6.72225
0.172943 -0.36197 -6.72644
0.172921 -0.361787 -6.73062
0.172894 -0.361609 -6.73481
0.172864 -0.361438 -6.73899
0.172833 -0.361276 -6.74318
0.172802 -0.361127 -6.74737
0.172773 -0.360991 -6.75156
0.172745 -0.360873 -6.75575
0.172721 -0.360773 -6.75994
0.172699 -0.360693 -6.76414
0.172681 -0.360632 -6.76833
0.172667 -0.360593 -6.77253
0.172659 -0.360574 -6.77674
0.172658 -0.360577 -6.78094
0.172665 -0.360602 -6.78514
0.17268 -0.360648 -6.78934
0.172704 -0.360715 -6.79355
0.172734 -0.360802 -6.79776
0.17277 -0.360907 -6.80197
0.172809 -0.361028 -6.80619
0.172851 -0.361163 -6.8104
0.172894 -0.36131 -6.81463
0.172938 -0.361466 -6.81885
0.172982 -0.361631 -6.82308
0.173028 -0.361801 -6.82731
0.173073 -0.361977 -6.83154
0.173118 -0.362156 -6.83577
0.173161 -0.362335 -6.84
0.173199 -0.362514 -6.84424
0.173233 -0.36269 -6.84848
0.173259 -0.362859 -6.85272
0.173279 -0.363018 -6.85696
0.173291 -0.363164 -6.86121
0.173296 -0.363295 -6.86545
0.173294 -0.363407 -6.8697
0.173287 -0.3635 -6.87395
0.173273 -0.363572 -6.87819
0.173254 -0.363621 -6.88244
0.173229 -0.363649 -6.88668
0.173198 -0.363653 -6.89093
0.173162 -0.363635 -6.89517
0.17312 -0.363596 -6.89942
0.173074 -0.363536 -6.90366
0.173026 -0.363457 -6.9079
0.172978 -0.363361 -6.91214
0.172933 -0.363248 -6.91638
0.172894 -0.363119 -6.92061
0.17286 -0.362975 -6.92484
0.172832 -0.362817 -6.92908
0.172811 -0.362646 -6.93331
0.172794 -0.362464 -6.93753
0.17278 -0.362273 -6.94176
0.17277 -0.362077 -6.94598
0.172762 -0.361876 -6.9502
0.172759 -0.361675 -6.95442
0.172762 -0.361477 -6.95864
0.172771 -0.361285 -6.96286
0.172789 -0.361103 -6.96707
0.172812 -0.360934 -6.97128
0.172841 -0.360779 -6.97549
0.172871 -0.360641 -6.97971
0.172901 -0.360519 -6.98392
0.172928 -0.360415 -6.98813
0.172952 -0.360329 -6.99234
0.172973 -0.360261 -6.99656
0.172991 -0.360213 -7.00078
0.173008 -0.360185 -7.00499
0.173025 -0.360181 -7.00921
0.17304 -0.360198 -7.01343
0.173053 -0.360239 -7.01764
0.173061 -0.360304 -7.02186
0.173064 -0.360391 -7.02608
0.173059 -0.3605 -7.03031
0.173045 -0.36063 -7.03453
0.173023 -0.360778 -7.03876
0.172995 -0.360941 -7.04298
0.172963 -0.361116 -7.04721
0.17293 -0.3613 -7.05144
0.172896 -0.361491 -7.05567
0.172862 -0.361684 -7.0599
0.172826 -0.36188 -7.06412
0.172788 -0.362074 -7.06835
0.172747 -0.362267 -7.07257
0.172703 -0.362455 -7.0768
0.172658 -0.362637 -7.08103
0.172615 -0.362812 -7.08526
0.172576 -0.36298 -7.08948
0.172544 -0.363138 -7.0937
0.17252 -0.363286 -7.09792
0.172505 -0.36342 -7.10214
0.172498 -0.36354 -7.10635
0.172499 -0.363642 -7.11057
0.172506 -0.363726 -7.11478
0.172518 -0.363788 -7.11898
0.172534 -0.363829 -7.12319
0.172554 -0.363847 -7.1274
0.17258 -0.363844 -7.13161
0.172611 -0.36382 -7.13582
0.172649 -0.363775 -7.14002
0.172694 -0.363713 -7.14423
0.172744 -0.363634 -7.14843
0.1728 -0.363542 -7.15263
0.172858 -0.363438 -7.15683
0.172918 -0.363324 -7.16103
0.172977 -0.363199 -7.16523
0.173034 -0.363066 -7.16943
0.173088 -0.362924 -7.17364
0.17314 -0.362775 -7.17785
0.17319 -0.36262 -7.18206
0.173239 -0.362462 -7.18627
0.173287 -0.362301 -7.19048
0.173332 -0.362142 -7.19469
0.173374 -0.361986 -7.1989
0.17341 -0.361835 -7.20312
0.173441 -0.361693 -7.20734
0.173464 -0.361559 -7.21156
0.17348 -0.361437 -7.21578
0.173489 -0.361328 -7.22001
0.173493 -0.361232 -7.22425
0.173493 -0.361149 -7.22848
0.173491 -0.361079 -7.23272
0.173488 -0.361023 -7.23696
0.173484 -0.36098 -7.2412
0.173478 -0.36095 -7.24543
0.17347 -0.360934 -7.24967
0.17346 -0.360931 -7.25391
0.173446 -0.360942 -7.25815
0.173431 -0.360968 -7.26239
0.173416 -0.361009 -7.26664
0.173402 -0.361063 -7.27089
0.173391 -0.36113 -7.27514
0.173384 -0.361209 -7.27939
0.17338 -0.361298 -7.28363
0.173379 -0.361394 -7.28788
0.173381 -0.361495 -7.29212
0.173382 -0.361599 -7.29636
0.173383 -0.361703 -7.3006
0.173383 -0.361805 -7.30483
0.173383 -0.361905 -7.30907
0.173385 -0.361999 -7.3133
0.173388 -0.362088 -7.31754
0.173393 -0.362169 -7.32177
0.173399 -0.362244 -7.32599
0.173405 -0.36231 -7.33021
0.173409 -0.362369 -7.33443
0.17341 -0.36242 -7.33865
0.173408 -0.362463 -7.34286
0.173402 -0.362498 -7.34707
0.173393 -0.362524 -7.35128
0.173381 -0.362541 -7.35549
0.173368 -0.362547 -7.3597
0.173352 -0.362543 -7.3639
0.173334 -0.362528 -7.3681
0.173313 -0.362503 -7.3723
0.173287 -0.362467 -7.37649
0.173257 -0.362422 -7.38068
0.173221 -0.36237 -7.38487
0.173181 -0.36231 -7.38907
0.173137 -0.362246 -7.39326
0.173091 -0.362179 -7.39745
0.173044 -0.36211 -7.40164
0.172996 -0.362039 -7.40584
0.172949 -0.361969 -7.41003
0.172903 -0.3619 -7.41422
0.172859 -0.361833 -7.41842
0.172815 -0.361769 -7.42261
0.172774 -0.36171 -7.4268
0.172736 -0.361657 -7.43099
0.172702 -0.361611 -7.43519
0.172674 -0.361574 -7.43939
0.172652 -0.361546 -7.44359
0.172638 -0.36153 -7.44779
0.172631 -0.361524 -7.45199
0.172632 -0.36153 -7.45619
0.172638 -0.361548 -7.46039
0.172651 -0.361576 -7.4646
0.172669 -0.361614 -7.46881
0.172692 -0.361661 -7.47302
0.17272 -0.361715 -7.47723
0.172753 -0.361777 -7.48144
0.172791 -0.361845 -7.48566
0.172832 -0.361918 -7.48988
0.172877 -0.361997 -7.4941
0.172923 -0.362079 -7.49832
0.172969 -0.362165 -7.50254
0.173014 -0.362254 -7.50676
0.173056 -0.362344 -7.51099
0.173095 -0.362435 -7.51522
0.173129 -0.362525 -7.51945
0.17316 -0.362614 -7.52369
0.173186 -0.3627 -7.52792
0.173207 -0.362782 -7.53216
0.173223 -0.362857 -7.53641
0.173234 -0.362923 -7.54065
0.17324 -0.36298 -7.54489
0.173241 -0.363026 -7.54914
0.173236 -0.363061 -7.55338
0.173226 -0.363083 -7.55762
0.173211 -0.363092 -7.56186
0.173193 -0.363089 -7.5661
0.173174 -0.363072 -7.57035
0.173153 -0.363043 -7.57459
0.173132 -0.363001 -7.57884
0.173113 -0.362947 -7.58308
0.173096 -0.362881 -7.58732
0.173083 -0.362804 -7.59156
0.173074 -0.362716 -7.59579
0.173071 -0.362619 -7.60003
0.173073 -0.362512 -7.60426
0.173081 -0.362398 -7.60849
0.173096 -0.362278 -7.61272
0.173118 -0.362152 -7.61694
0.173146 -0.362024 -7.62117
0.17318 -0.361893 -7.62539
0.17322 -0.361762 -7.62962
0.173265 -0.361632 -7.63384
0.173313 -0.361504 -7.63806
0.173364 -0.361379 -7.64227
0.173416 -0.361259 -7.64648
0.173467 -0.361145 -7.6507
0.173516 -0.361037 -7.65491
0.173562 -0.360936 -7.65912
0.173604 -0.360844 -7.66334
0.173641 -0.360761 -7.66756
0.173671 -0.360689 -7.67177
0.173695 -0.360628 -7.67599
0.17371 -0.360581 -7.68021
0.173717 -0.360548 -7.68442
0.173714 -0.36053 -7.68864
0.173701 -0.360528 -7.69286
0.173679 -0.360542 -7.69708
0.173647 -0.360573 -7.7013
0.173606 -0.360618 -7.70552
0.173557 -0.360679 -7.70975
0.173499 -0.360752 -7.71398
0.173433 -0.360836 -7.71821
0.17336 -0.36093 -7.72244
0.173281 -0.361032 -7.72667
0.173196 -0.36114 -7.73091
0.173108 -0.361254 -7.73514
0.173019 -0.361373 -7.73938
0.172931 -0.361496 -7.74361
0.172844 -0.361622 -7.74785
0.172761 -0.361749 -7.75208
0.172682 -0.361877 -7.75631
0.172608 -0.362005 -7.76054
0.17254 -0.36213 -7.76477
0.17248 -0.362252 -7.769
0.172428 -0.362369 -7.77323
0.172385 -0.362481 -7.77746
0.172354 -0.362587 -7.78168
0.172334 -0.362684 -7.7859
0.172328 -0.362773 -7.79012
0.172333 -0.362852 -7.79434
0.172349 -0.36292 -7.79855
0.172375 -0.362977 -7.80277
0.172407 -0.363022 -7.80698
0.172447 -0.363055 -7.81119
0.172491 -0.363076 -7.8154
0.17254 -0.363086 -7.81961
0.172593 -0.363086 -7.82381
0.172647 -0.363075 -7.82802
0.172703 -0.363054 -7.83223
0.172759 -0.363025 -7.83644
0.172812 -0.362986 -7.84065
0.172862 -0.362939 -7.84486
0.172906 -0.362884 -7.84907
0.172944 -0.362823 -7.85328
0.172975 -0.362756 -7.85749
0.172998 -0.362686 -7.86171
0.173015 -0.362614 -7.86592
0.173026 -0.362541 -7.87015
0.173031 -0.362468 -7.87437
0.173031 -0.362395 -7.8786
0.173026 -0.362325 -7.88283
0.173018 -0.362257 -7.88706
0.173007 -0.36219 -7.89129
0.172994 -0.362126 -7.89553
0.172979 -0.362064 -7.89976
0.172965 -0.362004 -7.90399
0.172953 -0.361947 -7.90823
0.172943 -0.361893 -7.91246
0.172938 -0.361842 -7.9167
0.172939 -0.361797 -7.92093
0.172947 -0.361756 -7.92517
0.172961 -0.361722 -7.92941
0.172981 -0.361693 -7.93364
0.173008 -0.361671 -7.93788
0.17304 -0.361655 -7.94211
0.173077 -0.361645 -7.94635
0.17312 -0.361641 -7.95058
0.173166 -0.361642 -7.95481
0.173217 -0.361648 -7.95904
0.173271 -0.361659 -7.96327
0.173328 -0.361673 -7.9675
0.173385 -0.361689 -7.97173
0.173441 -0.361706 -7.97596
0.173494 -0.361723 -7.98019
0.173542 -0.361739 -7.98441
0.173583 -0.361754 -7.98864
0.173617 -0.361766 -7.99286
0.173644 -0.361777 -7.99709
0.173663 -0.361787 -8.00131
0.173674 -0.361794 -8.00553
0.173678 -0.3618 -8.00975
0.173673 -0.361804 -8.01398
0.173659 -0.361805 -8.0182
0.173637 -0.361804 -8.02242
0.173606 -0.361799 -8.02664
0.173566 -0.361792 -8.03086
0.17352 -0.361781 -8.03508
0.173469 -0.361768 -8.03929
0.173414 -0.361752 -8.04351
0.173358 -0.361734 -8.04772
0.173301 -0.361715 -8.05194
0.173244 -0.361694 -8.05615
0.173188 -0.361673 -8.06036
0.173132 -0.36165 -8.06457
0.173078 -0.361626 -8.06878
0.173026 -0.361602 -8.07299
0.172977 -0.361578 -8.07719
0.172932 -0.361553 -8.0814
0.172893 -0.36153 -8.0856
0.17286 -0.361508 -8.08981
0.172834 -0.361488 -8.09401
0.172816 -0.361471 -8.09821
0.172804 -0.361457 -8.10241
0.172798 -0.361449 -8.10661
0.172797 -0.361445 -8.11081
0.172799 -0.361447 -8.11501
0.172803 -0.361456 -8.11921
0.172809 -0.361471 -8.12341
0.172817 -0.361493 -8.12761
0.172826 -0.361521 -8.13181
0.172835 -0.361556 -8.13601
0.172844 -0.361598 -8.14022
0.172852 -0.361645 -8.14443
0.172856 -0.361697 -8.14864
0.172856 -0.361754 -8.15286
0.172848 -0.361814 -8.15708
0.172834 -0.361877 -8.1613
0.172812 -0.361942 -8.16552
0.172782 -0.362009 -8.16975
0.172748 -0.362079 -8.17398
0.172708 -0.362151 -8.17822
0.172666 -0.362225 -8.18245
0.17262 -0.3623 -8.18669
0.172571 -0.362376 -8.19092
0.17252 -0.362452 -8.19516
0.172468 -0.362526 -8.1994
0.172414 -0.362598 -8.20365
0.172363 -0.362665 -8.2079
0.172315 -0.362728 -8.21215
0.172275 -0.362783 -8.21641
0.172245 -0.362832 -8.22066
0.172228 -0.362873 -8.22491
0.172225 -0.362907 -8.22915
0.172235 -0.362934 -8.2334
0.172258 -0.362954 -8.23764
0.172291 -0.362967 -8.24188
0.172333 -0.362972 -8.24612
0.172383 -0.36297 -8.25035
0.172438 -0.36296 -8.25459
0.172499 -0.362941 -8.25883
0.172567 -0.362913 -8.26307
0.17264 -0.362875 -8.26731
0.172721 -0.362827 -8.27156
0.172807 -0.362769 -8.27581
0.172897 -0.362702 -8.28005
0.172989 -0.362628 -8.2843
0.173077 -0.362547 -8.28854
0.173158 -0.362462 -8.29279
0.173229 -0.362374 -8.29703
0.173289 -0.362282 -8.30128
0.173337 -0.362188 -8.30554
0.173374 -0.362091 -8.30979
0.173402 -0.361991 -8.31404
0.173422 -0.36189 -8.31828
0.173434 -0.361787 -8.32251
0.173439 -0.361685 -8.32675
0.173434 -0.361584 -8.33098
0.173418 -0.361486 -8.33521
0.17339 -0.36139 -8.33944
0.173349 -0.361298 -8.34367
0.173296 -0.361212 -8.34789
0.173233 -0.36113 -8.35211
0.173163 -0.361055 -8.35633
0.173088 -0.360986 -8.36055
0.173011 -0.360921 -8.36477
0.172933 -0.360859 -8.36899
0.172851 -0.360801 -8.37321
0.172764 -0.360745 -8.37743
