697
709
727
776
834
864
