497
634
652
677
692
758
